0,2014/1/1,大里,PM2.5,58,59,57,59,64,64,60,55,54,61,67,72,58,48,36,38,40,42,46,57,76,74,71,50
1,2014/1/2,大里,PM2.5,41,45,48,43,19,9,10,14,20,33,37,41,45,45,48,44,38,34,40,54,65,68,75,76
2,2014/1/3,大里,PM2.5,82,69,62,55,66,63,48,24,14,18,19,25,34,48,44,38,38,35,38,38,42,41,45,46
3,2014/1/4,大里,PM2.5,53,55,51,45,43,44,43,39,32,35,43,53,60,68,73,71,65,65,70,82,91,98,104,105
4,2014/1/5,大里,PM2.5,107,103,93,83,77,74,69,65,66,75,79,91,92,84,75,72,68,65,63,70,76,85,83,84
5,2014/1/6,大里,PM2.5,75,70,68,67,65,60,58,65,71,82,83,91,94,89,90,98,86,65,44,43,43,52,63,73
6,2014/1/7,大里,PM2.5,65,58,49,51,45,46,38,39,36,47,55,60,55,59,55,57,54,54,53,58,75,85,85,69
7,2014/1/8,大里,PM2.5,56,51,54,52,54,53,60,65,74,72,68,64,51,44,33,36,35,45,45,42,44,41,40,28
8,2014/1/9,大里,PM2.5,24,23,15,12,8,14,14,20,22,25,23,21,18,15,17,22,21,15,8,13,17,18,11,7
9,2014/1/10,大里,PM2.5,3,2,4,8,14,15,7,4,3,9,13,18,24,31,32,30,24,16,14,22,31,29,21,16
10,2014/1/11,大里,PM2.5,24,28,30,22,21,17,22,22,32,35,43,51,60,64,54,44,36,36,41,36,36,35,39,41
11,2014/1/12,大里,PM2.5,39,45,48,60,65,67,67,54,41,34,41,42,33,26,24,26,24,20,22,22,27,22,20,18
12,2014/1/13,大里,PM2.5,18,16,11,11,14,17,20,11,13,13,21,22,22,24,25,33,34,37,32,34,35,40,37,34
13,2014/1/14,大里,PM2.5,41,44,46,34,21,17,22,30,32,31,0,15,28,24,16,21,14,14,14,18,21,18,17,13
14,2014/1/15,大里,PM2.5,11,10,11,10,10,14,15,20,18,18,16,22,30,29,24,23,23,20,19,31,36,43,35,39
15,2014/1/16,大里,PM2.5,34,39,31,31,23,24,27,32,34,34,31,28,24,24,19,22,30,37,34,33,45,48,55,49
16,2014/1/17,大里,PM2.5,50,45,44,41,38,34,32,27,25,36,44,49,36,32,31,31,32,31,27,27,31,34,31,31
17,2014/1/18,大里,PM2.5,32,30,24,20,12,11,11,17,20,18,21,16,19,23,46,70,87,92,94,99,103,100,90,87
18,2014/1/19,大里,PM2.5,80,76,67,72,70,75,77,78,85,81,78,71,60,59,56,63,63,67,80,85,95,99,109,105
19,2014/1/20,大里,PM2.5,104,95,88,81,78,75,72,60,50,0,51,69,85,76,58,43,37,30,39,44,48,43,37,41
20,2014/2/1,大里,PM2.5,59,54,46,41,33,32,27,26,34,43,49,49,43,31,14,10,16,26,26,25,26,38,40,38
21,2014/2/2,大里,PM2.5,31,31,31,28,28,23,24,20,23,23,24,29,24,22,9,12,14,21,21,20,21,23,30,37
22,2014/2/3,大里,PM2.5,42,44,37,36,33,40,32,27,22,25,36,44,47,42,34,24,20,19,24,19,21,26,38,44
23,2014/2/4,大里,PM2.5,36,34,30,31,34,35,34,26,21,13,7,6,16,21,23,21,17,21,16,16,15,15,16,16
24,2014/2/5,大里,PM2.5,13,14,11,11,10,5,11,5,10,9,15,0,21,28,34,35,30,24,25,25,28,24,25,25
25,2014/2/6,大里,PM2.5,25,27,24,27,28,29,20,9,4,8,14,22,32,41,44,46,45,43,44,38,39,40,44,53
26,2014/2/7,大里,PM2.5,50,55,45,43,35,37,38,34,30,27,28,32,26,28,29,32,34,34,34,28,15,11,13,24
27,2014/2/8,大里,PM2.5,35,48,49,43,29,21,18,15,14,5,12,11,10,9,10,17,15,20,24,24,18,15,17,20
28,2014/2/9,大里,PM2.5,18,16,20,14,9,4,5,10,5,8,5,15,18,14,10,6,14,8,9,9,9,7,4,4
29,2014/2/10,大里,PM2.5,7,5,1,-1,1,1,3,2,4,3,3,4,1,4,5,12,15,16,19,17,14,11,13,16
30,2014/2/11,大里,PM2.5,18,16,12,8,3,4,15,16,17,13,21,0,14,22,22,18,20,21,24,24,19,21,19,21
31,2014/2/12,大里,PM2.5,21,21,17,14,14,18,16,21,16,14,12,8,12,14,21,21,20,24,15,14,9,15,11,17
32,2014/2/13,大里,PM2.5,22,31,24,23,17,21,22,24,14,11,7,12,10,0,10,8,7,8,13,15,14,12,8,12
33,2014/2/14,大里,PM2.5,17,18,14,7,10,9,10,6,9,15,20,22,19,15,21,0,20,20,15,19,17,17,21,21
34,2014/2/15,大里,PM2.5,18,11,12,17,13,14,8,10,5,9,14,22,25,32,40,40,39,27,27,24,27,28,34,40
35,2014/2/16,大里,PM2.5,38,32,24,30,32,34,34,35,30,34,41,49,45,30,30,30,35,26,30,41,54,58,54,58
36,2014/2/17,大里,PM2.5,47,51,45,51,44,40,35,35,35,41,49,48,41,0,27,32,28,39,41,54,64,77,70,60
37,2014/2/18,大里,PM2.5,45,51,60,57,56,58,57,64,54,52,41,41,44,47,54,54,50,42,29,20,14,21,18,10
38,2014/2/19,大里,PM2.5,4,3,1,1,2,7,10,8,4,6,6,6,7,6,8,2,9,7,10,5,10,9,9,11
39,2014/2/20,大里,PM2.5,15,15,23,26,29,23,18,19,18,21,23,19,21,19,20,21,26,37,37,43,41,46,38,45
40,2014/3/1,大里,PM2.5,70,64,55,41,45,46,50,49,45,45,42,45,44,36,32,25,29,37,34,32,24,36,41,51
41,2014/3/2,大里,PM2.5,50,54,60,59,52,28,14,10,8,11,12,14,19,14,15,13,16,24,25,31,24,22,24,24
42,2014/3/3,大里,PM2.5,16,10,12,22,17,15,10,9,19,16,-3,24,26,22,18,20,23,23,24,24,22,22,19,21
43,2014/3/4,大里,PM2.5,16,24,21,21,16,22,24,22,30,41,45,42,45,57,50,44,39,47,46,45,45,43,34,26
44,2014/3/5,大里,PM2.5,32,31,24,10,2,4,2,4,4,5,8,11,14,12,17,13,21,14,18,18,15,14,16,15
45,2014/3/6,大里,PM2.5,11,4,10,11,11,12,12,15,14,13,17,21,28,33,42,44,40,32,30,29,21,12,4,7
46,2014/3/7,大里,PM2.5,4,11,4,5,5,5,7,3,4,1,9,9,10,8,11,11,11,14,24,24,27,25,27,24
47,2014/3/8,大里,PM2.5,24,24,23,19,19,21,15,18,23,28,35,40,40,24,19,21,20,22,24,18,16,11,23,13
48,2014/3/9,大里,PM2.5,11,4,12,16,10,9,2,4,1,3,4,6,5,5,7,9,13,12,18,21,24,18,15,14
49,2014/3/10,大里,PM2.5,15,14,14,15,21,21,29,25,24,24,30,32,35,40,42,45,41,46,45,55,55,65,64,75
50,2014/3/11,大里,PM2.5,79,82,78,73,79,82,92,94,95,92,96,101,107,92,73,0,60,81,85,86,66,69,66,65
51,2014/3/12,大里,PM2.5,65,61,66,66,69,131,919,919,919,0,0,908,914,914,914,70,72,82,86,97,98,98,87,76
52,2014/3/13,大里,PM2.5,60,52,45,50,51,49,48,42,37,19,10,8,13,14,11,5,10,14,11,4,11,9,13,14
53,2014/3/14,大里,PM2.5,21,30,35,36,37,38,44,45,44,46,41,39,36,38,43,50,49,52,49,51,46,47,53,52
54,2014/3/15,大里,PM2.5,49,48,45,45,40,47,53,59,63,0,0,35,36,42,47,46,42,40,42,47,47,46,49,54
55,2014/3/16,大里,PM2.5,61,65,65,66,67,69,65,64,66,67,69,71,53,60,82,73,63,61,60,65,59,61,54,62
56,2014/3/17,大里,PM2.5,61,63,59,55,52,53,54,56,60,63,64,68,63,63,58,57,54,51,49,56,60,74,82,78
57,2014/3/18,大里,PM2.5,65,53,56,57,52,49,58,50,47,50,65,67,53,46,43,43,34,36,43,52,53,50,55,52
58,2014/3/19,大里,PM2.5,53,51,55,53,52,51,53,53,55,57,66,65,66,62,60,54,47,51,61,63,73,74,85,75
59,2014/3/20,大里,PM2.5,57,41,29,33,36,41,44,45,54,53,48,43,42,35,29,-3,24,29,30,30,30,24,25,24
60,2014/4/1,大里,PM2.5,42,40,44,36,18,14,14,19,18,16,17,17,15,23,21,24,20,24,21,26,24,28,21,23
61,2014/4/2,大里,PM2.5,21,22,26,15,12,3,10,13,19,16,0,631,5,0,12,15,7,10,18,29,34,37,50,51
62,2014/4/3,大里,PM2.5,49,49,43,28,14,12,30,38,45,43,35,40,40,41,34,40,41,49,45,46,40,40,38,32
63,2014/4/4,大里,PM2.5,24,20,24,26,32,24,24,18,19,13,20,24,24,26,30,34,33,28,35,44,51,61,65,67
64,2014/4/5,大里,PM2.5,65,54,52,47,55,59,58,59,52,56,60,56,59,49,65,51,56,43,42,34,34,45,47,46
65,2014/4/6,大里,PM2.5,37,43,45,42,39,35,36,36,33,39,41,57,60,71,69,75,70,74,65,58,46,54,53,46
66,2014/4/7,大里,PM2.5,40,40,38,33,38,42,49,44,40,34,34,27,20,14,21,20,23,16,15,20,23,30,29,30
67,2014/4/8,大里,PM2.5,28,21,24,22,32,31,34,28,21,20,0,24,25,29,25,26,22,22,20,17,23,26,30,34
68,2014/4/9,大里,PM2.5,43,44,43,34,41,30,32,30,38,44,42,25,25,32,30,24,26,23,25,26,25,32,38,40
69,2014/4/10,大里,PM2.5,40,41,41,36,37,40,44,45,36,33,33,40,35,22,19,19,24,21,21,20,25,24,31,35
70,2014/4/11,大里,PM2.5,44,42,36,32,32,35,33,34,42,59,63,59,54,47,47,48,44,39,31,43,48,62,61,64
71,2014/4/12,大里,PM2.5,56,53,46,47,49,47,42,37,41,37,45,42,48,36,0,0,0,0,0,0,0,-3,11,12
72,2014/4/13,大里,PM2.5,24,23,26,18,24,21,32,20,23,15,21,20,19,20,22,24,21,19,14,14,10,15,9,14
73,2014/4/14,大里,PM2.5,24,30,24,24,18,20,16,13,11,16,24,24,24,21,23,24,24,23,20,20,21,24,30,32
74,2014/4/15,大里,PM2.5,29,25,24,26,24,24,22,24,21,28,37,45,41,43,51,54,43,39,34,33,29,27,27,24
75,2014/4/16,大里,PM2.5,25,21,19,19,18,19,19,27,30,36,39,41,37,36,30,29,26,25,27,24,25,26,27,28
76,2014/4/17,大里,PM2.5,31,31,32,30,31,34,30,33,34,36,29,23,24,0,34,28,19,5,13,19,29,26,25,28
77,2014/4/18,大里,PM2.5,24,26,19,14,8,14,23,27,28,25,29,25,29,24,23,18,15,21,16,22,22,25,20,14
78,2014/4/19,大里,PM2.5,17,17,14,11,15,22,24,34,35,51,47,54,40,42,30,34,29,23,20,19,30,30,29,26
79,2014/4/20,大里,PM2.5,28,29,24,22,21,21,24,24,34,27,31,28,34,31,31,28,25,24,22,27,29,34,30,35
80,2014/5/1,大里,PM2.5,28,26,24,28,29,31,28,30,30,34,34,37,43,42,42,33,33,27,22,20,17,24,18,20
81,2014/5/2,大里,PM2.5,18,22,21,24,24,16,7,11,15,20,11,17,21,27,19,18,20,29,25,29,25,30,30,34
82,2014/5/3,大里,PM2.5,29,24,20,18,20,14,15,11,10,4,14,25,45,40,38,28,29,27,25,30,25,25,21,24
83,2014/5/4,大里,PM2.5,24,24,15,4,1,1,4,16,22,25,24,30,37,33,33,26,24,20,24,21,24,21,27,24
84,2014/5/5,大里,PM2.5,31,30,34,27,19,7,1,0,1,1,3,4,4,3,1,3,2,9,11,15,14,14,14,9
85,2014/5/6,大里,PM2.5,13,12,1,2,8,8,14,16,20,18,16,21,28,28,24,21,24,30,29,25,24,20,15,20
86,2014/5/7,大里,PM2.5,19,24,14,15,24,25,30,30,37,44,43,39,29,25,14,14,12,20,11,14,16,23,18,14
87,2014/5/8,大里,PM2.5,15,18,19,21,21,23,24,29,30,30,33,30,29,24,21,29,21,19,10,11,9,21,24,27
88,2014/5/9,大里,PM2.5,24,21,24,20,17,14,18,17,24,27,37,31,40,39,50,44,48,47,46,45,43,44,44,42
89,2014/5/10,大里,PM2.5,39,36,37,26,11,4,8,10,5,8,6,10,10,13,10,6,4,4,9,15,19,28,33,30
90,2014/5/11,大里,PM2.5,19,14,15,11,4,2,3,4,1,1,2,7,18,14,14,9,14,15,14,15,14,14,10,12
91,2014/5/12,大里,PM2.5,12,14,4,4,4,7,4,-3,1,4,8,14,9,10,8,14,13,14,10,4,2,6,14,10
92,2014/5/13,大里,PM2.5,4,10,8,9,-3,1,1,4,9,9,10,11,12,15,10,12,5,5,4,6,10,10,10,4
93,2014/5/14,大里,PM2.5,4,5,11,4,4,1,8,5,8,7,10,0,54,5,1,3,9,14,16,12,13,11,14,14
94,2014/5/15,大里,PM2.5,14,10,8,7,2,1,1,1,3,1,4,6,11,14,12,14,12,6,3,1,2,5,3,3
95,2014/5/16,大里,PM2.5,1,3,4,3,1,1,2,2,1,6,6,13,13,12,12,14,18,25,30,26,21,16,17,17
96,2014/5/17,大里,PM2.5,8,7,3,5,2,4,2,4,4,11,10,22,20,20,9,12,14,16,11,12,8,15,14,13
97,2014/5/18,大里,PM2.5,7,6,6,6,9,7,10,10,15,14,16,15,17,14,7,4,1,1,-1,1,9,11,5,1
98,2014/5/19,大里,PM2.5,2,1,1,1,1,-3,-1,1,4,11,8,12,5,9,4,4,3,5,6,9,10,7,4,1
99,2014/5/20,大里,PM2.5,3,1,5,6,4,1,1,1,1,3,3,14,14,17,7,4,3,4,4,7,9,10,8,6
100,2014/6/1,大里,PM2.5,14,16,25,27,30,30,27,32,32,31,36,38,31,32,29,27,26,21,24,16,17,21,21,15
101,2014/6/2,大里,PM2.5,12,12,16,12,14,14,18,20,15,11,15,12,22,13,13,2,1,4,8,11,13,12,7,11
102,2014/6/3,大里,PM2.5,12,13,4,5,4,3,1,1,7,15,17,0,54,6,1,4,5,14,11,9,3,6,12,17
103,2014/6/4,大里,PM2.5,11,7,1,4,2,6,4,6,5,10,12,14,12,17,21,24,29,24,24,21,22,23,25,31
104,2014/6/5,大里,PM2.5,29,31,23,19,9,13,15,14,14,16,18,20,14,17,8,9,6,11,10,11,9,12,14,15
105,2014/6/6,大里,PM2.5,12,6,4,5,2,4,5,7,5,1,5,5,8,4,9,9,11,12,11,10,9,10,7,5
106,2014/6/7,大里,PM2.5,5,5,1,1,1,3,2,2,3,5,6,14,14,16,10,5,1,4,5,5,6,4,5,1
107,2014/6/8,大里,PM2.5,6,5,6,3,5,7,9,36,37,36,8,9,7,11,7,12,6,11,5,7,10,7,6,3
108,2014/6/9,大里,PM2.5,11,12,14,4,7,6,11,12,14,18,24,19,15,14,16,20,20,20,13,7,9,11,21,14
109,2014/6/10,大里,PM2.5,11,1,4,4,5,5,6,9,8,7,5,8,4,11,6,11,3,10,11,12,10,4,1,1
110,2014/6/11,大里,PM2.5,2,2,2,2,3,1,1,3,10,9,11,5,6,7,15,13,13,8,9,10,11,9,10,6
111,2014/6/12,大里,PM2.5,14,13,14,5,6,3,10,12,14,15,16,0,24,25,27,25,33,34,31,31,35,38,33,33
112,2014/6/13,大里,PM2.5,33,41,38,36,29,26,26,27,31,36,39,40,38,39,29,26,20,19,15,15,14,15,14,12
113,2014/6/14,大里,PM2.5,10,14,10,7,4,4,4,6,11,10,8,10,15,24,36,40,43,36,37,34,25,34,36,44
114,2014/6/15,大里,PM2.5,39,41,36,36,32,34,35,39,38,34,31,24,26,25,28,21,16,10,7,10,12,15,16,18
115,2014/6/16,大里,PM2.5,16,11,6,1,1,3,5,6,5,10,8,11,8,15,11,11,12,21,22,24,23,23,19,20
116,2014/6/17,大里,PM2.5,11,5,4,7,14,9,14,13,14,11,4,4,6,13,15,9,6,6,14,13,9,8,9,11
117,2014/6/18,大里,PM2.5,8,11,10,12,14,12,10,6,11,13,17,18,23,22,4,4,5,8,19,19,19,13,8,11
118,2014/6/19,大里,PM2.5,3,14,12,18,15,13,5,4,4,10,12,17,18,22,10,6,11,12,15,14,14,12,15,22
119,2014/6/20,大里,PM2.5,22,21,14,15,15,15,15,16,22,20,24,20,16,12,6,5,9,12,16,9,10,6,14,11
120,2014/7/1,大里,PM2.5,11,8,8,8,8,7,4,6,12,16,27,30,34,31,26,8,3,9,12,15,14,14,18,22
121,2014/7/2,大里,PM2.5,22,14,12,10,13,9,7,7,10,10,11,12,14,17,25,27,24,22,22,21,27,37,42,40
122,2014/7/3,大里,PM2.5,33,34,34,24,20,14,11,11,10,14,13,17,24,32,32,30,24,23,26,28,36,38,42,37
123,2014/7/4,大里,PM2.5,34,27,34,40,41,23,23,30,111,115,118,35,32,33,30,30,21,24,23,31,30,34,39,45
124,2014/7/5,大里,PM2.5,46,38,34,28,33,27,30,27,30,32,40,41,44,38,35,22,15,16,24,24,18,15,11,11
125,2014/7/6,大里,PM2.5,13,19,17,11,11,11,9,13,21,28,33,29,37,30,25,17,15,17,16,24,35,42,34,24
126,2014/7/7,大里,PM2.5,22,25,34,31,28,24,30,26,24,16,14,0,2,10,14,14,16,14,15,14,14,14,13,11
127,2014/7/8,大里,PM2.5,4,2,3,3,1,1,-3,2,2,7,21,14,6,17,20,21,24,18,21,15,14,13,10,14
128,2014/7/9,大里,PM2.5,7,7,4,10,14,19,16,10,12,10,17,18,18,18,20,21,20,20,21,29,27,34,12,13
129,2014/7/10,大里,PM2.5,20,22,28,20,17,13,14,12,9,10,7,6,4,11,13,14,17,22,26,18,12,14,-3,-3
130,2014/7/11,大里,PM2.5,-3,1,1,7,8,3,1,4,9,17,14,21,18,19,10,12,13,20,14,14,15,21,6,1
131,2014/7/12,大里,PM2.5,2,1,-3,-3,-3,-3,-3,8,9,14,14,9,11,15,22,24,24,19,15,21,23,19,12,8
132,2014/7/13,大里,PM2.5,3,4,5,10,8,4,1,4,4,14,8,13,14,18,21,19,15,11,20,21,20,14,14,9
133,2014/7/14,大里,PM2.5,4,2,4,1,3,1,1,1,1,4,5,10,14,0,0,16,13,5,1,2,3,11,8,7
134,2014/7/15,大里,PM2.5,15,30,31,25,16,19,21,32,29,18,13,14,24,31,21,2,7,15,16,19,22,24,25,17
135,2014/7/16,大里,PM2.5,19,21,24,16,7,6,14,22,24,20,24,34,34,33,24,27,24,25,17,24,27,23,14,14
136,2014/7/17,大里,PM2.5,22,21,15,25,38,42,38,26,30,29,51,53,55,49,42,42,36,38,31,25,21,28,40,39
137,2014/7/18,大里,PM2.5,36,26,32,27,26,20,21,33,30,27,23,25,40,45,51,40,27,21,0,0,34,0,14,15
138,2014/7/19,大里,PM2.5,25,22,21,8,3,3,14,18,25,25,36,26,33,23,23,17,12,14,7,14,21,28,27,27
139,2014/7/20,大里,PM2.5,27,39,32,27,23,22,26,34,36,39,24,28,20,21,13,12,10,24,34,53,57,45,38,30
140,2014/8/1,大里,PM2.5,28,33,39,36,32,24,31,26,25,33,33,37,31,32,15,21,28,45,45,46,37,38,26,29
141,2014/8/2,大里,PM2.5,20,17,14,14,17,16,19,18,21,19,23,30,39,45,44,34,31,26,26,22,31,30,24,20
142,2014/8/3,大里,PM2.5,12,20,17,22,20,15,19,21,19,15,16,12,15,19,20,26,29,39,31,28,26,26,20,16
143,2014/8/4,大里,PM2.5,15,6,8,4,4,4,4,7,7,9,28,33,44,22,12,7,20,33,34,26,22,17,22,21
144,2014/8/5,大里,PM2.5,20,16,16,15,17,14,15,18,19,12,12,13,20,16,30,16,29,21,23,13,10,16,20,28
145,2014/8/6,大里,PM2.5,28,27,21,21,23,27,24,18,17,10,14,8,19,27,33,40,39,33,24,13,18,24,31,34
146,2014/8/7,大里,PM2.5,34,31,29,22,35,33,36,20,14,14,19,19,19,27,22,36,18,18,10,15,20,24,25,24
147,2014/8/8,大里,PM2.5,14,9,12,6,7,4,9,11,18,17,20,16,12,9,20,24,29,23,31,32,28,28,30,28
148,2014/8/9,大里,PM2.5,15,9,11,9,9,8,13,7,8,14,11,18,19,19,15,6,12,14,14,21,21,21,17,15
149,2014/8/10,大里,PM2.5,22,14,7,5,8,9,7,4,4,3,9,13,15,21,15,8,14,26,39,34,27,14,8,13
150,2014/8/11,大里,PM2.5,17,23,13,6,4,10,14,12,12,10,17,14,14,6,6,4,8,17,27,17,15,14,14,14
151,2014/8/12,大里,PM2.5,6,12,12,19,13,7,1,4,4,6,10,17,14,12,14,9,9,4,14,13,19,11,15,8
152,2014/8/13,大里,PM2.5,8,1,6,5,13,8,14,10,14,12,13,8,7,4,21,19,32,21,17,8,16,17,20,13
153,2014/8/14,大里,PM2.5,18,21,15,7,1,7,5,8,3,13,15,17,8,8,8,14,16,28,39,31,24,15,24,20
154,2014/8/15,大里,PM2.5,28,17,24,14,21,17,28,24,20,14,0,94,42,48,44,21,17,21,20,15,18,17,24,16
155,2014/8/16,大里,PM2.5,33,33,29,20,16,26,18,22,20,20,15,20,23,23,13,23,26,36,28,27,28,32,25,15
156,2014/8/17,大里,PM2.5,16,32,37,23,6,13,18,32,27,27,14,20,22,32,20,21,24,29,34,33,45,41,32,20
157,2014/8/18,大里,PM2.5,14,14,14,14,19,11,14,7,15,15,14,0,8,34,52,42,27,14,24,15,14,13,8,12
158,2014/8/19,大里,PM2.5,12,13,15,8,7,1,1,6,11,14,17,11,13,4,13,19,27,34,28,27,21,20,11,11
159,2014/8/20,大里,PM2.5,4,6,4,0,0,0,0,0,0,0,0,19,15,15,4,4,16,29,34,29,21,21,18,14
160,2014/9/1,大里,PM2.5,38,35,33,29,24,32,23,30,28,32,35,37,38,31,25,28,24,22,18,23,24,28,34,41
161,2014/9/2,大里,PM2.5,47,42,32,20,22,22,30,18,33,31,42,34,44,35,35,24,34,21,24,15,14,12,11,14
162,2014/9/3,大里,PM2.5,12,10,34,32,34,24,35,40,44,33,50,28,32,21,24,19,13,24,35,37,28,24,20,23
163,2014/9/4,大里,PM2.5,14,22,15,18,17,22,21,22,37,40,43,0,-3,24,24,36,60,50,45,33,37,35,28,30
164,2014/9/5,大里,PM2.5,18,24,16,25,27,27,16,10,23,37,38,33,23,30,54,54,46,34,24,27,21,33,29,37
165,2014/9/6,大里,PM2.5,44,49,52,38,31,27,35,29,23,26,26,33,33,46,55,59,59,45,30,21,16,26,34,44
166,2014/9/7,大里,PM2.5,32,39,34,39,27,29,33,37,41,38,35,39,40,41,31,30,34,43,35,28,31,45,57,56
167,2014/9/8,大里,PM2.5,46,34,33,28,23,11,14,16,47,52,52,36,27,28,9,21,15,23,12,30,34,48,37,37
168,2014/9/9,大里,PM2.5,20,7,4,9,8,1,3,14,36,33,32,20,41,41,44,24,15,15,16,26,20,28,24,32
169,2014/9/10,大里,PM2.5,26,23,13,17,21,16,12,8,8,15,17,20,0,0,-3,4,7,3,2,8,17,38,36,34
170,2014/9/11,大里,PM2.5,23,15,20,21,29,27,34,34,32,33,41,62,64,54,11,8,22,24,27,21,28,28,35,35
171,2014/9/12,大里,PM2.5,43,44,42,36,32,31,27,26,24,23,28,27,20,0,0,-2,0,10,14,20,12,10,12,16
172,2014/9/13,大里,PM2.5,16,16,17,13,11,7,4,7,8,17,27,20,13,14,10,3,6,18,14,19,21,30,22,23
173,2014/9/14,大里,PM2.5,14,17,13,14,20,14,15,8,16,24,24,24,16,19,21,28,27,24,28,35,40,45,50,49
174,2014/9/15,大里,PM2.5,42,34,32,31,35,34,33,35,40,52,59,64,58,56,49,43,34,31,34,31,35,36,34,27
175,2014/9/16,大里,PM2.5,15,10,13,14,17,17,25,18,24,28,0,36,35,21,27,24,34,22,24,24,33,34,32,28
176,2014/9/17,大里,PM2.5,27,26,28,28,21,25,22,33,23,31,31,27,24,37,29,25,21,26,33,39,35,42,38,42
177,2014/9/18,大里,PM2.5,31,32,33,38,38,42,33,37,34,53,58,70,65,61,53,50,53,53,57,55,55,53,56,54
178,2014/9/19,大里,PM2.5,52,39,36,38,35,41,42,31,16,15,29,48,65,70,70,69,60,56,47,50,50,50,55,57
179,2014/9/20,大里,PM2.5,65,64,58,55,57,57,56,55,65,82,81,68,45,34,28,32,28,35,26,22,14,9,11,6
180,2014/10/1,大里,PM2.5,25,31,45,42,47,36,45,42,48,45,44,45,48,51,36,30,23,23,24,21,25,29,28,28
181,2014/10/2,大里,PM2.5,29,34,31,34,31,29,23,25,33,36,34,30,29,30,31,29,25,25,25,28,32,32,30,33
182,2014/10/3,大里,PM2.5,31,34,29,34,31,20,19,14,20,19,25,31,35,35,33,27,33,29,33,29,29,27,31,34
183,2014/10/4,大里,PM2.5,35,34,25,27,17,35,34,37,29,21,24,21,23,23,24,27,27,24,18,18,18,19,13,12
184,2014/10/5,大里,PM2.5,10,11,8,8,5,16,19,20,14,8,11,11,16,19,21,17,23,21,23,23,23,24,21,18
185,2014/10/6,大里,PM2.5,18,14,14,5,13,14,18,17,21,19,24,26,36,29,0,34,32,35,32,36,31,34,31,32
186,2014/10/7,大里,PM2.5,35,39,39,32,25,28,29,30,32,32,39,34,38,30,24,16,14,16,21,22,23,22,19,16
187,2014/10/8,大里,PM2.5,20,18,18,13,16,18,24,24,26,23,34,28,25,21,25,29,25,24,26,24,24,12,16,13
188,2014/10/9,大里,PM2.5,25,21,29,29,31,25,19,21,34,40,42,31,27,21,17,17,19,21,24,20,14,7,8,4
189,2014/10/10,大里,PM2.5,4,4,4,5,6,14,13,15,19,20,14,10,14,17,15,14,14,10,6,8,13,16,10,14
190,2014/10/11,大里,PM2.5,10,16,12,19,12,14,7,20,16,18,15,19,29,27,27,24,27,31,27,32,27,30,20,18
191,2014/10/12,大里,PM2.5,14,14,13,10,10,15,20,24,24,17,20,18,19,21,19,24,17,24,27,34,32,30,29,32
192,2014/10/13,大里,PM2.5,26,22,17,19,19,23,24,21,21,18,25,21,24,29,35,35,36,42,46,52,47,45,39,42
193,2014/10/14,大里,PM2.5,46,49,46,48,39,43,41,46,43,33,32,22,32,33,39,33,40,42,50,45,48,55,57,62
194,2014/10/15,大里,PM2.5,65,58,56,50,55,52,47,51,49,47,0,34,47,44,48,42,48,52,55,63,63,63,61,72
195,2014/10/16,大里,PM2.5,70,73,65,73,68,68,62,68,69,59,-3,36,45,41,37,29,28,32,29,29,29,37,34,36
196,2014/10/17,大里,PM2.5,33,44,39,45,39,41,31,35,39,48,51,54,57,55,52,44,42,42,39,34,39,43,46,46
197,2014/10/18,大里,PM2.5,52,48,34,34,34,41,36,39,37,42,40,45,46,44,43,38,34,30,33,38,46,47,55,52
198,2014/10/19,大里,PM2.5,54,44,39,34,35,36,36,35,38,37,52,56,52,47,45,50,47,59,66,69,62,66,61,60
199,2014/10/20,大里,PM2.5,47,44,35,41,44,45,44,45,50,58,55,44,42,41,49,34,30,25,36,52,69,65,55,34
200,2014/11/1,大里,PM2.5,111,114,121,119,119,115,117,121,112,103,90,86,75,65,63,60,58,50,42,33,34,35,39,53
201,2014/11/2,大里,PM2.5,60,70,69,73,70,66,63,64,53,47,45,40,31,19,18,19,15,21,19,23,16,14,14,15
202,2014/11/3,大里,PM2.5,17,17,13,12,10,15,16,19,21,22,22,-3,37,37,39,45,50,47,45,40,38,29,28,21
203,2014/11/4,大里,PM2.5,22,18,18,18,14,16,20,27,28,25,25,34,34,31,28,25,25,16,14,11,20,25,27,24
204,2014/11/5,大里,PM2.5,24,25,26,27,29,25,23,24,33,34,38,32,37,34,44,45,48,41,34,34,35,49,55,61
205,2014/11/6,大里,PM2.5,57,55,50,48,45,44,45,49,58,52,34,18,14,22,23,24,22,21,26,31,33,25,27,29
206,2014/11/7,大里,PM2.5,34,37,31,32,25,32,30,36,39,50,54,56,44,37,38,46,54,48,39,38,36,34,25,27
207,2014/11/8,大里,PM2.5,33,35,35,35,33,37,45,49,57,56,60,54,46,48,55,66,78,73,78,67,65,47,34,23
208,2014/11/9,大里,PM2.5,18,17,18,22,23,23,20,10,14,11,20,15,16,13,14,12,13,7,11,11,11,13,7,15
209,2014/11/10,大里,PM2.5,15,23,18,17,10,9,14,21,26,26,24,25,25,32,32,34,34,25,24,18,24,17,24,22
210,2014/11/11,大里,PM2.5,25,24,23,22,21,20,25,35,44,45,40,41,51,58,60,45,41,34,40,35,45,45,52,50
211,2014/11/12,大里,PM2.5,55,47,42,32,33,38,42,38,24,23,24,29,22,21,21,22,26,24,31,24,22,16,16,23
212,2014/11/13,大里,PM2.5,21,24,21,26,30,33,33,29,39,34,36,34,34,32,24,29,24,37,38,41,34,35,35,26
213,2014/11/14,大里,PM2.5,19,16,17,19,16,18,19,31,30,35,30,0,37,40,40,53,52,42,25,17,18,11,13,14
214,2014/11/15,大里,PM2.5,19,20,19,21,23,22,18,16,17,21,19,26,29,35,33,30,32,45,54,59,71,75,85,75
215,2014/11/16,大里,PM2.5,58,46,43,35,24,10,14,8,14,20,18,16,13,19,20,19,15,17,14,19,14,11,8,7
216,2014/11/17,大里,PM2.5,10,15,13,20,7,12,3,6,7,7,6,1,1,2,5,11,-3,22,13,12,8,18,15,18
217,2014/11/18,大里,PM2.5,14,18,17,12,13,12,18,21,30,25,25,24,20,26,26,27,22,15,23,20,25,17,15,12
218,2014/11/19,大里,PM2.5,10,13,8,16,15,15,17,22,32,32,41,47,52,56,67,86,82,72,46,42,33,37,35,38
219,2014/11/20,大里,PM2.5,35,39,34,34,29,30,28,33,41,41,36,27,30,34,36,0,37,40,44,45,45,44,47,48
220,2014/12/1,大里,PM2.5,70,52,40,34,25,16,11,11,9,5,6,6,10,12,12,16,25,34,33,31,25,30,29,29
221,2014/12/2,大里,PM2.5,26,21,26,22,24,28,32,31,27,30,35,29,26,24,25,24,27,26,30,18,17,19,26,34
222,2014/12/3,大里,PM2.5,24,22,20,25,24,24,21,21,24,31,43,45,40,33,0,42,44,45,53,48,44,41,38,39
223,2014/12/4,大里,PM2.5,34,34,33,20,12,1,1,3,5,4,2,1,4,4,13,15,20,22,22,30,24,29,22,27
224,2014/12/5,大里,PM2.5,24,31,28,23,14,12,17,17,18,17,28,37,35,29,26,32,35,42,37,32,26,29,39,42
225,2014/12/6,大里,PM2.5,49,52,53,48,40,35,37,36,43,31,21,11,17,25,26,32,35,-3,0,0,0,0,0,0
226,2014/12/7,大里,PM2.5,0,0,0,0,0,0,0,0,0,0,-3,46,29,36,38,52,54,51,38,35,40,47,47,45
227,2014/12/8,大里,PM2.5,45,43,40,49,44,38,32,33,24,17,17,18,18,14,14,10,14,25,43,42,34,16,21,24
228,2014/12/9,大里,PM2.5,31,26,27,24,14,18,18,25,17,26,0,44,53,50,52,55,71,80,68,53,48,52,49,43
229,2014/12/10,大里,PM2.5,52,55,46,46,48,56,55,54,67,77,0,72,57,45,45,44,31,28,30,30,29,24,25,24
230,2014/12/11,大里,PM2.5,19,15,13,14,14,8,4,7,10,15,13,13,15,14,14,19,29,29,19,14,15,15,12,6
231,2014/12/12,大里,PM2.5,14,18,26,16,12,4,5,1,4,2,3,7,12,26,32,52,59,75,70,63,53,45,41,34
232,2014/12/13,大里,PM2.5,33,40,40,43,31,21,12,24,34,-3,0,0,0,0,0,0,0,34,47,47,42,32,25,26
233,2014/12/14,大里,PM2.5,33,38,47,44,44,43,53,56,55,49,54,55,61,59,59,58,61,63,65,64,72,83,87,90
234,2014/12/15,大里,PM2.5,85,89,85,88,85,89,83,84,81,-3,75,55,37,34,33,30,22,28,38,47,52,52,47,34
235,2014/12/16,大里,PM2.5,31,34,34,29,24,26,28,29,32,26,22,20,19,20,20,20,26,32,46,56,58,54,53,44
236,2014/12/17,大里,PM2.5,45,35,41,37,33,23,26,27,34,37,33,32,0,28,31,24,20,24,27,28,24,21,18,13
237,2014/12/18,大里,PM2.5,23,32,33,24,13,14,10,17,28,34,41,42,45,47,47,45,37,40,38,42,40,45,47,43
238,2014/12/19,大里,PM2.5,42,35,35,34,40,41,42,44,62,71,74,54,32,24,21,26,26,26,27,26,27,26,22,24
239,2014/12/20,大里,PM2.5,24,18,18,14,14,4,6,11,20,24,24,20,15,17,16,25,24,28,31,41,49,51,48,49
